executeDTW(kazumaLKnee, taisukeLKnee)
982.0853631212452
[(0, 0), (0, 1), (1, 2), (2, 3), (3, 4), (4, 5), (5, 6), (5, 7), (5, 8), (5, 9), (5, 10), (5, 11), (5, 12), (5, 13), (5, 14), (6, 15), (7, 16), (8, 17), (9, 18), (10, 19), (11, 20), (12, 21), (12, 22), (13, 23), (14, 24), (15, 25), (16, 26), (17, 27), (18, 28), (18, 29), (19, 30), (20, 30), (21, 30), (22, 31), (23, 32), (24, 33), (25, 34), (26, 34), (27, 34), (28, 34), (29, 34), (30, 34), (31, 34), (32, 35), (33, 36), (34, 37), (35, 37), (36, 37), (37, 38)]

executeDTW(kazumaRKnee, taisukeRKnee)
1009.5316817266706
[(0, 0), (1, 0), (2, 0), (3, 1), (4, 2), (5, 2), (6, 2), (7, 2), (8, 2), (9, 3), (10, 4), (10, 5), (10, 6), (10, 7), (10, 8), (11, 9), (12, 9), (13, 9), (14, 10), (15, 11), (16, 12), (16, 13), (17, 14), (18, 15), (19, 16), (20, 16), (21, 16), (22, 17), (23, 18), (24, 19), (25, 19), (26, 19), (27, 20), (28, 20), (29, 20), (30, 20), (31, 20), (32, 20), (33, 21), (33, 22), (34, 23), (35, 24), (35, 25), (35, 26), (35, 27), (35, 28), (35, 29), (35, 30), (35, 31), (35, 32), (35, 33), (35, 34), (35, 35), (35, 36), (36, 37), (37, 38)]

executeDTW(kazumaLElbow, taisukeLElbow)
467.8273443577964
[(0, 0), (1, 0), (2, 0), (3, 1), (4, 2), (5, 3), (6, 4), (7, 5), (7, 6), (8, 7), (9, 8), (10, 8), (11, 8), (12, 9), (13, 10), (14, 11), (15, 12), (16, 13), (16, 14), (16, 15), (17, 16), (18, 17), (19, 18), (20, 19), (21, 19), (22, 19), (23, 20), (23, 21), (24, 22), (24, 23), (24, 24), (25, 25), (26, 26), (27, 27), (28, 28), (29, 28), (30, 29), (31, 30), (32, 31), (33, 31), (34, 32), (34, 33), (34, 34), (34, 35), (34, 36), (35, 37), (36, 37), (37, 38)]

executeDTW(kazumaRElbow, taisukeRElbow)
755.3960322961206
[(0, 0), (1, 1), (2, 2), (3, 3), (3, 4), (4, 5), (4, 6), (4, 7), (5, 8), (6, 8), (7, 8), (8, 8), (9, 9), (10, 10), (11, 11), (12, 12), (12, 13), (13, 14), (14, 14), (15, 15), (16, 15), (17, 15), (18, 16), (19, 17), (20, 18), (20, 19), (21, 20), (22, 21), (23, 22), (24, 23), (24, 24), (25, 25), (26, 26), (27, 27), (28, 28), (29, 29), (30, 30), (30, 31), (31, 32), (32, 33), (33, 34), (34, 35), (35, 36), (36, 37), (37, 38)]

executeDTW(kazumaLElbow, kazumaRElbow)
1309.3401214622988
[(0, 0), (1, 0), (2, 0), (3, 1), (4, 2), (5, 3), (6, 4), (6, 5), (6, 6), (6, 7), (7, 8), (8, 9), (9, 10), (10, 11), (11, 12), (12, 12), (13, 12), (14, 12), (15, 12), (16, 12), (17, 12), (18, 12), (19, 12), (20, 12), (21, 12), (22, 12), (23, 12), (24, 12), (25, 12), (26, 12), (27, 12), (28, 12), (29, 13), (29, 14), (30, 15), (30, 16), (30, 17), (31, 18), (32, 19), (33, 20), (33, 21), (33, 22), (33, 23), (33, 24), (33, 25), (33, 26), (33, 27), (33, 28), (33, 29), (33, 30), (34, 31), (34, 32), (34, 33), (34, 34), (35, 35), (36, 36), (37, 37)]